160
4 441 423 420 369 
4 333 286 252 197 
4 196 190 97 93 
4 35 28 482 326 
4 300 165 47 33 
4 12 454 421 330 
4 322 315 306 299 
4 279 256 21 14 
4 1 492 414 358 
4 352 334 212 189 
4 154 86 17 7 
4 495 484 462 443 
4 410 337 319 301 
4 266 213 182 170 
4 158 156 141 120 
4 73 72 64 11 
4 486 475 463 452 
4 451 448 434 376 
4 371 350 329 310 
4 298 264 261 234 
4 221 210 166 155 
4 113 111 108 52 
4 48 38 0 499 
4 498 473 455 445 
4 439 433 430 419 
4 409 405 396 387 
4 385 367 360 356 
4 324 320 311 292 
4 288 277 273 271 
4 258 249 240 236 
4 231 219 208 199 
4 193 187 181 175 
4 147 61 60 34 
4 20 19 15 5 
4 497 474 472 467 
4 459 449 447 444 
4 442 438 437 431 
4 429 427 424 422 
4 412 407 403 400 
4 399 397 394 392 
4 391 388 384 375 
4 364 362 353 351 
4 348 345 336 328 
4 302 294 283 278 
4 276 268 263 242 
4 235 230 225 218 
4 214 203 201 192 
4 188 180 177 163 
4 162 159 149 139 
4 123 121 117 105 
4 99 91 90 89 
4 71 65 55 31 
4 24 23 18 13 
4 10 8 6 3 
4 494 490 468 461 
4 460 453 450 446 
4 432 425 411 401 
4 395 390 379 378 
4 377 373 372 365 
4 363 361 359 347 
3 341 339 332 
3 325 307 304 
3 295 289 285 
3 284 282 280 
3 274 269 267 
3 259 254 251 
3 247 245 244 
3 237 233 226 
3 217 207 204 
3 200 198 195 
3 186 185 174 
3 172 164 160 
3 153 152 151 
3 148 144 138 
3 136 132 129 
3 128 124 119 
3 116 115 114 
3 112 109 107 
3 106 104 101 
3 100 95 92 
3 81 80 79 
3 78 76 70 
3 69 66 59 
3 56 54 50 
3 46 45 44 
3 41 40 36 
3 32 29 27 
3 26 25 22 
3 16 496 493 
3 491 489 488 
3 487 485 483 
3 481 480 479 
3 478 477 476 
3 471 470 469 
3 466 465 464 
3 458 457 456 
3 440 436 435 
3 428 426 418 
3 417 416 415 
3 413 408 406 
3 404 402 398 
3 393 389 386 
3 383 382 381 
3 380 374 370 
3 368 366 357 
3 355 354 349 
3 346 344 343 
3 342 340 338 
3 335 331 327 
3 323 321 318 
3 317 316 314 
3 313 312 309 
3 308 305 303 
3 297 296 293 
3 291 290 287 
3 281 275 272 
3 270 265 262 
3 260 257 255 
3 253 250 248 
3 246 243 241 
2 239 238 
2 232 229 
2 228 227 
2 224 223 
2 222 220 
2 216 215 
2 211 209 
2 206 205 
2 202 194 
2 191 184 
2 183 179 
2 178 176 
2 173 171 
2 169 168 
2 167 161 
2 157 150 
2 146 145 
2 143 142 
2 140 137 
2 135 134 
2 133 131 
2 130 127 
2 126 125 
2 122 118 
2 110 103 
2 102 98 
2 96 94 
2 88 87 
2 85 84 
2 83 82 
2 77 75 
2 74 68 
2 67 63 
2 62 58 
2 57 53 
2 51 49 
2 43 42 
2 39 37 
2 30 9 
2 4 2 
